Card   1: 33 34 29 52 91  7 31 42  2  6 | 53 52  6 96 42 91  2 23  7 38 90 28 31 51  1 26 33 22 95 34 29 77 32 86  3
Card   2: 63 86  6  5 95 17  7 72 62 76 | 26  6 86 68 49 57 30 63 80  5 96 84 42 19 53  7 87 78 70 74 15 17 64 16 44
Card   3: 22 25  2 41 27 23  5  1 50 37 | 68 94 25  4 48 75 47 37 58 22 95 16 74 50 66 99 34 35 41 90  2 43 62  1 97
Card   4: 98 43 31 15 77 60 25 66 19 26 | 59 54 43 19 36 25 31  5 44 76 98 93 40 60 66 47 28 65 56 26 10 15 67 77  3
Card   5: 26 80 12 66 16 20 37 23 95 55 | 86 17 10 58 26 66 63 41 80 53 37 95 55 48 20 12 11 16 50 74  6 64 99 23 81
Card   6: 21 59 29 33 17 64 97 14 93 95 | 64 19 52 42 37 82 35 15 21  2 45 10 54 74  7 61 97 33 24 95 88  9  5 78 92
Card   7: 53 31 56 36 73 51 92 62 80  5 | 23 18 79 63 15 77 22 34 46 40 12 82  7 52 68 92  2 60  3 74 45 64 89 28 58
Card   8: 93  8 61 36 50 34 74 58 85 75 | 75 67  4 33 88 54 74 90 81  7 39 68 62 10  9 56 44 23  6 41 21 72  5 26 15
Card   9: 95 49 89 13 11 72 28 53  6 99 | 96 78 12 29 68 65 36 86 63 61 80 75 50 37 30  9 71 57 48 66  4  1 84 62 51
Card  10: 69 17 25 50 62 41  4 64 27 78 | 77 31 97 35 76 38 21 26 45 29 95 82 79 81 34 59 19 68  1 49 15  5 84 90 56
Card  11:  7 78 75 90 36 14 62 16 55 97 | 49 54 93  4 52 67 31 84 25  1 77 18 50 21 46 76 89 69 24 53  5 96 86 32 99
Card  12: 38 20 68 71 87 97 94 82 62 12 | 96 70 88 69 28 80 42 35 95 56 83 75 91 14 72 92 39 90 78 52 48 59 55 41 36
Card  13:  5 53  2 89 58  8 49 18  7 16 | 68 75 48 27 65 11 20 95 46 84 54 56 63  4 91 74 80 14 23 39 86 38 24 33 96
Card  14: 63 34 29 59 23 98 65 66 12  1 |  8 80 93 74 68 22 26 76 82 11 39 95 58 19 94 97 35 49 44 37 86 51 79 75 60
Card  15: 51 15 98 26  5 89 12 97 44 23 | 28 64 95 49 42 70 39 50 84 22 71 43 16 99  3 52 72 25 92 21 61 75 40 96 19
Card  16: 79 16 49 93 22  6 72 71 82 57 | 71 40 95 18 57 43 82 94 65 49 80 48 79 16 56 54 75 31 46 14 93 52 72 22  6
Card  17: 92 65 91 47 12 52 70 79 34 44 | 23 47 95  1 45 76 15 60 88 79 65 59 16 91 12  9 13 70 92 81 52 71 34 44 30
Card  18: 95 61 34 37 53 31  5 45 17 67 | 74 38 94 48 43 69 87  5 29 22 92 56 40 17 63 24 11 90 52 23 85 44 71 41 91
Card  19:  5 76 81 68 38 16 33  1 59 25 | 83 77 35 18 52 57 22 44 16  4  1 42  5 11 26 45 23 34 15 48 32 68 76 59 64
Card  20: 77 86 74 56 93 99 75 35 39 73 | 99 75 74 60 86 16 45 51 25 78 54 38 96 72 41 90 56  3 93 35 73  2 52 77 39
Card  21: 49 56 99 89 50 90 73 93 72 64 | 66 11 32 89 24 25 73 93  1 31  5 22 64 55 20 52 92 71  8 13 15 72 99 37 39
Card  22: 91 44 58 22 95 61 46 17 14 18 | 98 22 10 27 29 62 82 42 35 51 68 13 50 73 30 75 74 80 87  8 67 31 85 33 39
Card  23: 18 98 54 37  6 13 26 19 43 78 | 55 97 59 37 61 11 43 72 45 85 78 36 18  6 19 98 38 79 87 66 46 13 74 26 54
Card  24: 63 37 86 41  9 33 13 93 31  1 | 22 78 94 32 35 24  3 44 65 77 43 52 13 59 99 75 14 42 89 28 11 80  6 70 74
Card  25: 52 64 32 55 13 53 97 28 83  5 | 76 72 80 13 32 47 53 41 75 52 27 98 57 31 69 10 97 83  5 33 64 84  8 43 61
Card  26: 29 84 13 55 24 96 87 68 10 18 | 49 88 72 60 61 98 31 87 17 40 82 27 63 62 97 38 24 54 20 15 79 36 92 13 23
Card  27: 51 86 84 69 66 35 15  2  9 32 | 78  1 23 79 75  6 57 87  5 66 41 11 76 53 47 84 95 96 77 12 15 24 29 49 18
Card  28: 78 35 68 50 52 72 71 82 74 16 | 30 10 39 41 27 83 99 77 91 97 33 25 93 23  7 67 96 55 35 87  1 19 49 57  6
Card  29: 62 95 31  3 91 76 71 48 27 47 | 49 91 56  6 67 12 29  2  3 27 95 40 35 76 47 77 88 79 24 71 31 26 48 15 64
Card  30: 87 69 42 34 75  3 20 88 80 91 | 28 97 65 91  6 54  9 84  3 86 25 23 81 44 29 45 59 36 77 48 19 82 98 92 50
Card  31: 67 99 60 85 79 28  3 51 98 78 | 43  7 66 79 47 11 74 75 52 93  1 82 28 36 57 21 53 92 55  8 51 46 35 25 77
Card  32: 71 56 82 67 84 78 22 57 33  2 | 77 57 44 31 10 64 76 21 30  8 89 49 17 12 25 63 48 84 85 91 93 71 58 75 35
Card  33: 13 10 59 71 47 99 55 88  2 89 | 27 78 55 53 87 14 19 33 71 81 23 94 32 76 96 22 97 36 89 63 90 11 85 51 82
Card  34: 40 90 22 30 19 44 83 48 93 29 | 94 90 86 51  2 69  1 11  9 20 68 39 48 63 80 58 45 98 23 34 41 42 60 30 14
Card  35: 77 90 74 19 94  7 29 80  9 87 | 12 52 59  9 96 62 25 57 22 86 47 21 89 78  6 61 92 53 20 30 45 15 98 79  3
Card  36: 94 39 87 42 75 98 76 21 63 59 | 59 33 15 51 97 10 31 20 14 49 67 69 85 17 44 32 90 79 28 40 22 38  1 84  4
Card  37: 33 73 12 58 38 88 61 13 46 63 | 55 32 37 43 23 74 21 31  8 62 99 96 18 19 50 16 39 20  4 14  1 45 28  7 49
Card  38: 99  4 52 78  7 23 22 69 93 98 | 39 57 97 36 85 41 37 53 66 65 46 64 29 17 91 83 81 42 51 99  2  9 43 63 60
Card  39: 49 16 61 81 73 86 12  2 54 26 |  3 11 43 92 35 84 64  4 94 78 10 57 82 22 83 59 18 70 66 33 96 42 37 62 17
Card  40: 56 30 44 59 26 54 67 96 28 80 | 96  3 35 80 65 12 94 38 87 64 62 55 31 67 33 16 22 89 76 50  9 69 77 84 41
Card  41: 57 83 77 40  2 34 43 48 25 46 | 88 31  9 22 52 67 96 62 71 95 19 99 38 49 60 80 58  2 20 16 28 21 12 81 41
Card  42: 89  4 49 36 48 63 41 81 76 37 | 21 89 66 53  6 36 71 62 83 63 19 95 87 90 13 40 81 72 76 82 39 94 14 96 48
Card  43: 89 97 16 36 30 68  4 85 79  5 | 58 16  7 64  1 88 81 52 82 41 85 73 53  4 39 60 36  5 65 72 43 68 79 89 78
Card  44: 59 18 26  4 55 66 85 84 50 82 | 12 59 98 84 77 65 13 33 72 40 78 36 55 26  4 28 18 49 50 85 45 82 35 41 66
Card  45: 17 59 18 46 13 50 57 21 36 99 | 76 53 85  2 27  1 52 15 40 90 37 29 58 66 43 70 79 86 32 45 95 33 26 75 64
Card  46: 36 38 42 86 45 62 32  4  8 80 | 20 19 72 46 15 23 64 78 75 13 50 29 59 18 10 93 92  1 58 66  8 16 22  4  7
Card  47: 70 97 20 39 77 56 87 78 49 42 | 29 48 39  1 25 26 60 11 35 97 78 37 70 42 21 20 90 55 87 92 69  5 56 64 13
Card  48: 12 55 44 74 66 58 36 41 14 30 | 33 55 66 23 51 10 12 65 89 85 58 41 35 47 30 14 29 42 72 36 62 44 38 40 79
Card  49: 79 99 69 88 44 73 23 57 74 13 |  9 88 17 23 80 21 94 83 97 86  2 12 74 22 91 71 43 82 96 52 38 61 19 70 73
Card  50: 91 19 90 80 23 74 40 56 45 12 | 56 98 94 40 45 74 81 62 12 37 19 90 35 83 11 41 77 59 13 70 93 99 47 49 75
Card  51: 74 97 35 95 65 12 29 11 51 67 | 11 97  9 92 88 35 26 13 52 66 20 40 38 77 90 79 21 72 54 61 17 47 23 75 84
Card  52: 75 70 36 56 23 74 99 84 46  3 | 47 69 31 60 20 82 71 89 74 78 59 66 53 22 54 79 92 13 93 35 25 44 86 61 41
Card  53: 32 46 86 81 35 80 61 58 22 94 | 97 75 45 25 50 20 34  4 53 23  1 93 96 52  3 99  9 31  7 11 13  8 51 74 39
Card  54: 60 86 72 29 37 63 14  6 65 76 |  4  9 91 32 17 62 67  7 59 64 80 66  3 71 74 16 55 26 58 57 93 12 23 49 35
Card  55: 10 54  4 85 88 84 56 32 39 33 | 52 47 53 17 30 13 21 41 96 24  8 70 74 79 61 55 65 26 36 58 94 98 72 18 73
Card  56: 17  1 94 34 60 61 53  4 77 51 | 19 62 69 78 26 18 67  8 11 24 47 10 75 23 98  9 77 30 53 28 90 59  7 57 33
Card  57: 84  3 64 89 90 24 51 57 97 28 | 13 52 85 14  6 68 96 60  1 38 74 88 55 48 67 30 46  4 43 61 12 78 56 89 70
Card  58: 34 24 13 83 51 59  3 62 39 25 | 70 12 75 20 99 22 36 35 28 81 14 21 32 55 74 27  2 17 31 68 43 71 52 50 79
Card  59:  2 45 25 36 15 97 87 43 20 83 | 45 85 83 20 71  7 87 54 43 46 94 62 91 15  3 97  4 25 99 86 66 78  2 16 36
Card  60: 13 85 62 38 54 55 68 57 96 88 |  5 73 30 74 62 54 21 84 48 85 13 28 64 11 87 96 78  3 90 66  2 55 36 60 57
Card  61: 18 97 56  1 45 87  8 36 63 65 | 93 51 22 26  7 13  8 17 36 97 50 64 84 11 62 43 92 16 70 42 45 24 74 33 57
Card  62: 14 77 47 24 45 31  7 25 68 23 | 14 85  7 74 24 27 69 23 55 47 60 93 68 58 21 45 31 13 25 77  5  1 63 70 88
Card  63: 22 93 36 38 91 37  4 74 66 42 | 66 63 91 58 84 28 64 40 42 38  4  5 74 23 29 11 99 83 22 87 44 37 12 25 93
Card  64: 36 76 16 23 45 99 96 27 29 18 |  9 49 78 24 22  3 68 29 82 74 57 23 10 59 11 67 91 90 18 88 58 54 46 32 83
Card  65: 91 33 28 95 21 55 20 32 73 62 | 42 15 94 58 59 99 11 38 66 10 69 26 35 98 37 87 83 90  5  4 70 24 84 80 51
Card  66: 74 49  4 52 38 55 48 76 19 35 | 74  9 48 90 55 66 47 35 63 54 49 11 23 67 53 41  4  3 52 19 76 98 40 38 58
Card  67: 42 57 64 41 10 17 86 85 37 51 | 81 41 28 71 35 25 36 80 42 67 45 48 66 79 46 60 84 12 10  9 11  8 73 91 18
Card  68: 89 84 78  6 81 82 16 10  3 39 | 39 54 82  6 90 89 98 85 45 63 88 97 68 31 30 73 18 81 14 40 44  3 61 51 96
Card  69: 90  1  5 36 99 56 41 22  8 32 | 87 32  2 35 69 30 17 83 95 74 53  7 64 80 71 34  4 40 47 97 45 28 44 60 18
Card  70: 80 83 64 85 39 15 58 35 91 56 | 51 33  6 20 23 62 48 92  7 55 35 91 32 53 39 29  2 80 67 83 13 15 50 72 16
Card  71: 42 95 45 25 31 32 58 51 81  6 | 92 68 70 83 55 86 23 35 36 90 93 33 84  8 37 60 63 54 17 46 50 48 67  7 73
Card  72: 95 91 20 54 61 93 73 72 52  9 |  6 44 96 46 40 57 63 39  7 84 70  2 37 66 56 38 35 94 16 14 74 27 24 76 47
Card  73: 28 95 10 74 84 77 42 38 37 73 | 92 97  2 38 67 48 98  7 69 33 30 90 54 57  3 81 24 12 86 75 46 47 99 49 96
Card  74: 88 73 91 16 27 75 59 21 70 40 | 79 10 90 74 78 62  4 84 47 88 38  3 44 21 25 53 36 23 60 59 65 52 37 64 97
Card  75: 24 98 72 53  9 83 57 70 49 95 | 67  3 53 50 42 25 24 56 32 35 84 81 99 31 16  7 15 54 64 36 96 18 20 30 61
Card  76: 30 18 76 92 64 12 89 37 77  1 | 51 24 67  3 97 27 29 77 72 48 91 94 81 47 70 46 26 90 85 55 75 60 65 25 71
Card  77:  9 49 71 14 16 33 70 55 26 18 | 68 64 95 83  1 59 76 43 54 44  6 21 47 39  3 37 82 91 62 33 66  2 79 89 74
Card  78:  1  5 12  3 59 49 28 75 84 96 | 72 68 99 17 81 46 27 45 48 76 90 18 53 32 43 56 94 80 52 24  7 10 67 51 64
Card  79: 78 81 92 41 46 36 87 23 76 73 | 84 10 23 14 42 82  8 77 68 90 12 72 50 36  3 96 31 66 22 49 88 60 57 51 67
Card  80:  3  5 63 64 13 69 31  1 72 23 | 97 10 42 32 52 69 82 16 88 30 24 15 60 65  3 21 89 96 78 23 75 50 92 53 81
Card  81: 85 10 97 54 46 84 98  1 12 15 | 63 60  1 84 10 86 12 88 46 19 98 79 54 85 95  5 93 77  7 97 56 80 36 15 74
Card  82: 85 66 62 68 19 50 96 46 35 67 | 35 39 31 63 10 19 85 46 51 66 96 50 33 97 62 68 82 67 61 71 20  2 81 78  9
Card  83: 53 99 44 14 69 89 42 65 24 20 | 52 17 69 41 63 70 37  1 74 35 67 22 34 53 71 87 23 73 64 90 14  9  4 11 88
Card  84:  9 84  4 17 97  2 31 25 15 42 | 60 83 69 25 47 65 22 85  9 15 42 17  4 97 58 31  3 88 81 20 40 84  8 51  2
Card  85: 25 98 50 99 83 97 84 41  7  6 | 80 11 97  7 59 50 94 60 57 29 65  6 95 67 17 78 26 21 23 98 99 69 88 84 73
Card  86: 37 95 75  6 52 49 46  5 28 73 | 36 24 15 46  5 30 73 44 58 29  6 35 69 49 45 17 83 86 62 64 52 37 75 95 93
Card  87: 35 79 92 14 44 59 52 76  5 39 | 22  2 62  7  6 73  5 23 75 35 40 20 21  3 26 89 38 69 54  9 52 47 83 97 43
Card  88: 40 70  2 33 42  1 35 95 41 16 | 71 78 65 85 39 15 38 62 28 46 86 64 76 92 91 68 81 72 73 31 59 45 93  4 16
Card  89: 43  4 11 93 88 59 94 53 47 28 | 77 37  8 94 42 38 70  7 11 28 57 47 30 88 96 60 89  4 80 68 53 43 56 84 81
Card  90: 46 98 60 38 87 29 33 34 76  2 | 94 68 45 47 12 88 87 75 95 35 32 73 61 37 72 26  8 40  9 76 85 90 70 97 81
Card  91: 55 21  6 20 77 81 72 54 87 62 | 47 92 95 14 79 39 65 56 36  9 61 26 45 17 46 18 38 22 40 88 64 84 49 42 13
Card  92: 24  4 61 63 97 53 20 38 19  8 |  9 24 23 74  3 81 44 27  7 12 16  8 83 47 35 13 55 85 17 57 32 61 62  4 92
Card  93: 44 26 64 85 53 95 62 47 72 63 | 30 13 47 68 61 88 36 50 69 79  5 14 29 25  2 76 43 80 93 46 99 67 63 15 56
Card  94:  7 91 68 78 64 84 88 11 96 99 | 65 62 70 90 50 73 45 25 56 14 95 53 18 69 91 32 89  8 30 39  9 54 20 36 76
Card  95: 22 26 36 50 86 13 41 92 17 33 | 25 41 94 84 12 60 55 39 75 69 72 29 99 88 24 78 65 74 87 59 85 79 46  9 89
Card  96: 24 88  1 72 90 53 39 43 59 55 | 83 72 40 35  6 51 38 42  3 17 37 56 31 34 85 76 23  9 28 94 44 87 18 26 97
Card  97: 35 80 91 53 14 32 85  7 49 60 |  1 95 62 76 88 21 63 87 42  6 33 59 45 89 48 78 74 72 57 44 99  2 86 82 38
Card  98: 16  5 34 52 29 27 14 66 75 20 | 15 66 20 59  5 56 37 75 35 29 52 11 16 12 34 33 27 79 14 19  1 62 77 87 23
Card  99: 30 46 29 11 83 45 94 51 35 67 | 45 99 67 42 51 63 21 61 84 41 40 94 35 29 46  4 74 98  3 11 78 10  9 83 30
Card 100: 42 79 56 95 41 71 11 16 25 13 | 80 85 46 95 51 90 56 16 96 61 60 42 58 25 41 79 71 10 54 50 88 23 13 11 70
Card 101: 29 34 32 23 98  2 17  3 67 66 | 85 59 88 52 55 48 53  4 24 66 10 51 73 93  7 12 95 84 90 13 65 75 23 96 78
Card 102: 71 99  3 10 21 31 61 66 13  9 | 52 31 66 13 10 71 99 28 38 81 14 30 59 57  3 49 61 63  9 43 51 41 21 20 60
Card 103: 77 25 80 39 76 88 31 92  9 98 | 92  9 83 39 88 31 86 82 80 26 43 25 85 11 54 27 59 12 42 98 15 66 77 76 40
Card 104: 33 40 39 64 69  4 24 12 14  1 | 60 25 97 29 80 71 74 68 92 45 53 41  8 44 22 16 12 94  1 42 88 23 77 11  5
Card 105: 98 54 42 53 46  8  2 67 32 62 | 98 90 78 96 97 31 67  3 46 17 55 52 48 65 49 71 42 83 38 27  5 70 41 20 53
Card 106: 31 12 82 35  4 43 50 32  5 36 |  5 87 95 11 39 99 32 14 64 45 36 82 97 84 43 31 35 38 50 12 44 96 15  4 20
Card 107: 89 52 85 71  2 63 48  5 46 14 | 77 57 63  5 14 89 82 49 56 96 79 71 27 52 12 70 68 29  7 17 16 48 85 31 81
Card 108: 64 36 61 42  1 59 83  6 13 92 | 25 42 61 22 92 29 20  6 33 80 28 94 14 32 64  7 37 36 83 13 66 86 50 93 27
Card 109: 98 49 11 25 88 34 37 18 55 42 | 19 83 65  9  2 95 55 53 49 10 24  4 63 57 14 15 88 11 40 18 42 33 98 25  7
Card 110: 86 72 40 77 38 67 29 27 81 74 | 68 51 38 45 50 10  9 93 84 88 16 23 25 65 90 44 80 30 69 86 41 37 96 11 74
Card 111: 43  2 39 82 26  8 24 70 44 50 | 65 20 53 84 22 19 42 94 16 79 32 18 73  3 83 31 47 61 86 80 46 99 54 29 74
Card 112: 36 43  5 61 84 66 75 53 58 10 | 23 43 44 96 62 58 67 73 34 71 69 32 49 93 59 28 21 79 24 45 35 92 11 19 36
Card 113: 80 96 72 25 46 34 89 61 52 85 | 63 85 87 34 52 90 54 59 80 65 22 38 60 91  2 61 46 96 40 35 78 89 86  4 69
Card 114: 94  6 62 52 40 37 74 90 29 98 | 18 89 87 40 46 45 51 27 60 98 13 29 95 96 37  7 52 17 41 21 97 84 20  3 94
Card 115: 71 55 41 68  5 81 47 40 52  7 | 54 55  9 82 84 18 42 72 51 38 45 62 74 24 80 94 98 39 89 59 52 83 10 27 71
Card 116: 78 28 58 34 37 12 53 73 23 92 | 31 41 45 28 99 91 89 27 77 21 76 78  7 38  3  1 51 13 22 83  2 37 47 34 12
Card 117: 90 76 78 82 30 42 95 70  5 46 | 30  9 47 21 32 83 46 71 52 15 11 62 74 66 81 95 82 85 87 64 73  2 59 42 36
Card 118:  7 41 54 17  8 63 37 84 28 29 | 27 21 93 87 14  5 44 74 30 43 75 20 46 55 66 35 82 10 48 73 68  9 77  4 40
Card 119: 88 50 74 90 36  7 60 92  6 48 | 26 99  9 63 71 64 95 55 58 28 92 97 49 81 82 38 94 98 31 57 11 21 33 20  5
Card 120: 14 35 89  1 94 36 57 30 61 88 | 59 45 34 44 83 61 92 96 90 91 72  7 25  4 64 81 54 31 75 77 80 42 41 47 28
Card 121: 97 51  2 14 36 80 35 78 62 18 | 15 70 33 77 20 45 64 87 92 10 86  3  7  5 83 19 23 12 30 26 11 17 56 73  6
Card 122: 75 58 78 99 54  6 40 67 55  5 | 89  3 10 13 61 82 12 85 46 45 86 93 43 21 20 39 95 14 17  7 69 88 48 60 27
Card 123: 52 65 27 13 29 47 91 71 49 34 | 61 49 13 22 76 98 16 71 43 95 27 47 15 65 11 52 60 70 29 34 79 90 93 91 53
Card 124: 33 34  6 73 13 82 54 21 61 45 | 13 82 63 95 21 38 14 73 97 34 99 45  2 30 57 61 17 60 16  1 54  6 37 33 25
Card 125: 47 36 13 31 67  7  1 53 94 70 | 50 31 26 71 34 62 55 49 38 56 87 20 18 60 17 27 23 92 54 28 83 94 42 14 51
Card 126:  1 55  6 40 43  5 80 45 81 59 | 85 19 25  6 30 46 63 14 80 91 79 55 18 31 38  5 72 59  1 69 23 48 71 81 45
Card 127: 19 37 29 69 45 57 24  1 12 52 | 24 30  5 23 56 92 78 47 16 28 25 98 94 32  6 17 80 29 40 69 83  4 67  7 68
Card 128: 18 77 25 27 17 35  7 32 88 99 | 28 98 83 87 85 47 36 29 38 41 95 51 60 49 91 67  2 45 57 37 96 42 76  4 79
Card 129: 51 68 46  1 15 38 87 36 39 44 | 38 15 37 41 74 64 89 70 25 85 80  1 40 39 29 47 73 44 13 34  9 87 58 77 22
Card 130: 74 57 38 22 76 64 46 96 17  6 | 31 71 24 56 68  8 61  1 60 53 76 94 93 75 77 96 18 51 81 59 87 83 85 48 88
Card 131: 87 83 67  9 43 28 62 10 40 58 | 90 29 14 95 69 17 28 47 42 54 67 87 43 97 31 25 89 92  9 62 10 55 78 75 40
Card 132: 36 13 67 30 73 11 75 12  3 68 | 11 18 45 60 99 16 91 63 74  3 28 61 25 44 52 70 56 85 84 15 37 78 80 51 34
Card 133: 84 57  5 71 75 63 40 23 78 35 | 43 18 44 61  3 28 77 88 92 34 25 14 36 98 74 33 11 46 67 38 13  2 45  9 80
Card 134: 49 99 90 71 64 37 32 15 31 61 | 46 95 91 96  6 80 44 83 68 88 41 15 65 69 42 11 58 22 72 57 34 38 35 53 51
Card 135: 36  4  2 77 79 33  7 85 30 63 | 49 71 67 30 12 83 20 85 37 34 18 78 51 44 70 15 28 88 13 58 75 31 33 93 81
Card 136: 74 98 39 16 59 46 14 35 61 40 | 97 17 19  7 85 12 78 23 96 77 76 73 27 36 28 60 91 44 52 87 79 90 46 70 47
Card 137: 88 67 20 87 53 77 93 27  7 43 | 84 58 31 20 75 15 21  5  2  9 17 89 22 96 73  1 44 79 41 24 78 71 70 35 52
Card 138: 85 89 40 22 90 67 38 13 58 69 | 60 73 52 64 59 18 14 11 56 19  6 17  2 36 10  4 47 68 96 95 78 33 30  5 88
Card 139:  7 22 72 46 11 54 35 44 79 53 | 78 37 76 47 88 68 24 75 38 29 92 31 43 89 71 21 73  4 96 62 86 52 90 64 27
Card 140: 17 46 92 11  7 69 72 75 58 27 | 69 76 12 94 13 58 61 44 30 95 55 50 26 70 38 98 39 18 53 71 19  9 73  7  4
Card 141: 20 46 26 62  3 66 21  8 41 92 | 71 24 51 41 58 98  8 32  3 88 21 73 92 59 27 34 65 61 15  2 66 45 96 60  5
Card 142: 21 77 60 69 98 26 65 12 99 57 | 52 47 26 74 14 75 73 57  1 88 96 11 41 77 92 69 12 22 99 21 16 60 98  6 65
Card 143: 94 83 65 90 34 73 14  4  6 70 | 17 70 36 14 83 94  5 98  9 90 20 42 65 82 34 27 13 91 73 19 66  6 95 52  4
Card 144: 72 57 36 35 18 55 80 33 63 10 | 10 49 47 66 56 36 71 13 34 51 39 42  8 33 35 16  4 55 97 23 63 78 44 61 21
Card 145: 79 53 85 42 32 11 20 16 88 55 | 38 52 10 42 32 16 64 61 53 17 88 66 86 45 78 20 70 51 90 79 55 34 23 85 11
Card 146: 26 17 39 56  7 80  9 97 19 50 | 35 64 98 15 77 56 50 17  3 80 26 19 75 44  9 28 34 43 74 39 97 62 81 90  7
Card 147: 17 27 67 33 31 26 96 71 43 39 | 93 51 85 23 15 65 81 80 63 92  5 77 71 32 26 18 94 44  9 96 50 10 53 67 55
Card 148: 22 30  6 52 31 17 76  8 21 12 | 43 16 34 84 57 76 40 47 30 63 80 67 75 31 12  5 10 24 85 68 93 26 78 52 83
Card 149: 51 21 87 11 47 88 83 73 52 30 | 79 10 28  1 69 84 58 26 13 24 96 45 65  5 37 21 46 25 56 36  4 95  8 62 91
Card 150:  7 29 47 17 50 62 44 98  9 89 | 50 89 19 46 45 47 74 63 80 17 87 57 95 24 14 20  5 70 56 67 42 72 30 93 86
Card 151: 44 19 92 82 99 22 77 98 26 59 | 80 75 28 50  9 24  3 46 65 85 44 63 22 26 48 33 54  7 55 29 66 23 52 31  6
Card 152: 88  5 79 19 91 95 35 36 55 67 | 86 91 75 66 74 31 73 45  9 77 96 29 41 64 61 97 14 10 48 55 88 82 27 94 56
Card 153: 53 79 19 23 51 45 58 62 32 80 | 93 36 46 35 24 55 79 70 58  3  4 53 62 16 50 32  8 51 45 21 23 42 27 31  7
Card 154: 47 34 44 57 54 63 88 85 58  5 | 55 22 92 87 90 32 44  1 21 47  4 10 35 84 37 78 56 18 58 38 77 19 94 50 67
Card 155: 43 56 53 71  2 31 67 61  9 55 | 73 15 72 34 36 57 13 28  6 71  9 53 82 80 49 55 39 88 52 43 61 51 74 77 86
Card 156: 50 60 79  3 22 88 98  1 84 17 | 14 20 53 69 23 27 76 35 25 59 94 31 18 19 62 29 97 67 43 44 95 92  7 78 51
Card 157: 31 17 48 87 99 36 65 23  7  4 | 15 55 48 78 11 73 10  5 86 39 64 90  7 83 25 91  6 63 17 50 92 28 33 68  3
Card 158: 94  9 41 51 70 45 93 50 14 89 | 37 86 83 10 26 99 90 21 17 42 82 95 22  2 13 12 30 18  7 80 28 59 45  5 58
Card 159:  5 12 64 49  6 74 31 43 90 40 | 48 85 64 98 82 30  7 21 47 79 18 65 50  6 11 40 44 54 81 80  4 37 89 28 57
Card 160: 78 60 91 56 53 52 83 72 14 19 | 84 50 41 73 97 20 94 34  7 64 55 65 77 16  8 66 45 75 79  3 43 47 46 11 26
Card 161: 34 46 12 98 79 73 24 30 48 91 | 56  3 84 70 75 64 67 69 51 53 40 88 29 18 94 81 21 61 49 79  6 52 22 65 23
Card 162: 68 12  1 95 81 31 65 82 96 17 | 51 63 40 71 91 67 32 76 47 37 49 24 19 13 43 88 62 20 26 79 93  8 55 60 33
Card 163: 67 27 30 36 89 57 42 91  5 14 | 42 27  5 89 47 91 40 14 29 75 62 53 41 23 39 58 30 36 32 67  8 84 19 57 21
Card 164: 73 89 15 76 61 34 37 57 81  9 | 73 15 44  2 32 51 81 57 89 98 53 80 62 75 37 85  9 12 34 27 13 76 61 95 60
Card 165: 69 39 62 27 82 98 87 14 30 49 | 69 88 39 14 30 61 72 45 49 82 46 40 62 38 75 87 27  8 24 10 50 98 32 89 57
Card 166: 96 71 13 51  8 48 72 85 97 37 | 11 72 76 51 29 96 48  8 37 53 15 88 98 20 30 97 13 85  2 71 27 57 93 54 64
Card 167: 93 98 58 47 88 38 82 24 12 39 | 22  2  1 25 99 16 52  5 65 78 43 23 13 46 56 82  3 26 14 89 27  8 11 64 70
Card 168: 17 95 26 70  2 73 25 98 32 28 | 54 70  9 99  3 24 95 77 72 17 25 90 96 98 94 18 26 42 82 73  1  2 48 32 28
Card 169: 30 99 54 23 67 91  7 14 24 56 | 32 18 85 56 34 22 10 63 68 21  2 31 12 69 89 75 92 24  7 51 86 14 17 26 33
Card 170: 69 55 65 89 63 85 46 36 86 66 | 80 47 69 27 83 20 55 86 99 36 66 76 34 64 25 89 23 13 63 72 68 71 43 17 87
Card 171: 25 53 36 62 75 45 87 41 61 78 | 28 10 52 59 98 38 79 77 53 31 63 90 58 16 42 21 83 92 46 44  8 43 97 34 41
Card 172:  7 19 88 14 18 81 24 55 15 80 | 68 63 89 14 30 81 37 15 53 19 61 80 77 18 55 74 90 48 49 52  2 88  7 71 33
Card 173: 60 81 10 58 44 75 26 12 87 83 | 81 12 21 95 10 80 48 32 58 27 91 97  1 82 75 44 83 60 24 93  5 26 37 87 52
Card 174: 58 18 40 69 19 84 75 31 27 54 | 78 33 80 75 31 70 16  6 91 58 69 86  5 19  4 40  8 13 54 84 56 22 53 27  7
Card 175: 14 54 72 53 77 66 39 36 99 69 | 92  4 57 76 44 64  3  7 14 95 59 98 99 81 68 31 66 53 67 51 89 47  9 30 69
Card 176: 31  3  8 93 27 65 12 67 64 11 | 12 54 67 55 97 98  2 99 14 96 10 36 11 27 57 88  9 45 44 34 25 21 30 75 83
Card 177: 87 69 57 67 32  3 13 74 46 41 |  7 22 15 89 49 65  3 11 42 96 53 38 84 57 33 10 97 44 31 93 63 81 76  1  4
Card 178: 76 32 28 89 21 50 13 48 64  7 | 61 15  3 23 25 47  2  6 17 99 55 85 19 77 45 29 58 24 43 53  1 72 70 75 82
Card 179: 77 16 85  7 84 67  9 60 94 23 |  5  4 83 12 64 72 47 13 42 38 43 97 28 86 52  6 73  1 55 45 24 40 19 51 17
Card 180: 24 26 82 42  5 17 52 14 91 86 | 52  1 27 87 88 75  6 61 18  8 14 42 39 95 71 76 82 79 35 21 10 56 58 17 34
Card 181: 38 79 77 41 10 98 55  4 80 52 | 12 63 14 53 98 17 68 39 43 72 92 30 50 79 44  9 54 29 58 60 73 42 69 34  4
Card 182: 28 84 32 88 16  8 27 67 63 81 | 83 82 68 62 86 99  9 39 78 63 95 47 42 76 54 49 79 89 59 57 58 88 37 87  4
Card 183:  5 82 60 73  2 25 46 93 39 66 | 75 21 39 78 45 86 43 40 50 65 85 54 48 18  8 80 93 49 37 44 46 71 72 57 97
Card 184: 18 66 38 31 78 73 61 30 36 62 | 63 49 26 28 79 37 52  5 30  9 21 71 60 81 67 34 89  7 33 92 35  4 65 29 50
Card 185: 23 25 88 65 41 24 29 83 34  4 | 56 81 40 36 37 97 89 85 67 41  7 76 53 46 68 73 60 17 71 52 98 96  6 86 90
Card 186: 10  6 51  7 18 53 43 46 89  2 | 73 79 20 16 24  4 42 63 52 41 54 14 81 78 12 70 85 66 95 13 60 48 97 82 83
Card 187: 43 81 46 66 35 61 37 72 57 17 | 43 57 92 54 71 44 13 46 61 31 82 66 37 42 84 38 29 17 72 35 39 56 49 81 68
Card 188: 69 41 43  3 78 58 96 56 30 25 | 33 21 34 15 94  7 75 91 47 19 50 26 63 82 53 38 95  8 10 88 59 71 32 24 99
Card 189: 16 49 79 67 48  5 14 35 87 64 | 80  3 39 11  1 42 14 37 76 98 68 24 61 66 87 67 43 83 35  8 10 31 16 32 58
Card 190: 90 40 32 81 58 71 77 95 22 64 | 70 39 36 31 56 43 80 77 29 22 92 90 91 52  5 71 81 58 40 46 32 64 74 30 95
Card 191: 88 55 76 92 31 75 41 81 77  9 | 98 92  9 49  7 93 41 37 21 55 31 22 65 45 81 76 47 88 74 50 77 99 75 94  8
Card 192: 59 36 97 95 92 37 27 52  4 10 | 41 64 53 19  5 52 51 49 48  1 58 45  3 44 12 30 91 75 68 62 85 95 82 72 93
Card 193: 24 96 16 86 52  6 44 43  7 69 | 85 17 21 24 96 95  6  9 27 97 86 25 76 40  8 39 49 29  7 80 43  3 44 18 55
Card 194: 11 28 14 80 42 92 66 52 82 18 | 95 42  5 80 50 52 82 15 66 98 86 11 22 92 99 19 14 76 45 40  3 28 18 48 94
Card 195: 96 45 32 73 77  8 23 52  9 84 | 84 92  4 73 26 79 71 87 37 10 52 15 76 64 63 39 17 48 68 78  7 36 61 11 94
Card 196: 47 75 96 72 15  7 17 58 83 86 |  7 25 43 55 87  4 81 30 74 53  9 83 65 28 57 62 18 96 33 72  2 41 69 17 45
Card 197: 11  4 42  5 15 89 68 40 98 33 | 16 91  2 64  7 85 33 15 89 11 44 70 27 46 56 17 37 40 77 71 79 73 97 43 45
Card 198: 60 87 85 99 52 56  9  6 69 14 | 67 70 84 34 46 76 24 50 71 98 59 27 19 61 78 66 85 18 55 80 49 20 64 92 10
Card 199: 36 45 50 23 69 75 94 66 17 40 | 51 81 53 69 74 67 44 60 88 79 45 94 66 40  7 23 36 50 43 22 17 25 20 30 27
Card 200: 27 75 63 70 32 15 23 13 80 94 | 94 83 49 97 92 36 14 75 62 10 63 23 31 96 95  7 78 27 20 24 52 44 70 60 48
Card 201: 70 23 37  4 33 64 99 91 52  5 | 59  3 33 13  9 76  4 53 63 48 31 88 12 29 58 23 86 40 54 18 37 78 70 64 75
Card 202: 15 29 52 63 19 81 99  3 77 75 | 99 14 23 47 86  3 32 77 52 36 89 13 20  8 61 84 19 15 65  7 34 28 66 81 94
Card 203: 33 12 44 96 75 53 21 14 68 27 | 98 69 13 67 70  2 40 49 76  7 82 50 45 93 56 59 31 87 22 19 62 80 72 97 47
Card 204: 16 11 54 49 45 98 68 92 80  6 | 60 84 68 27 95 33 70 92  3 36 55 88 32 15 14 75 44 43 10 65 93 63 54 69 77
Card 205: 73 65 24 75 10  8 35 83 78 67 | 89 57 38 93 70  5  9 92 29 55 54 36 37 34 21 40 71 68 33  1 18 80 42 52 72
Card 206: 31 99 35  8 92 37  9 90 77 76 |  2 41 11 80 62 74 50 78 72 60 95 69 59 46 15 23 43 34 61 87 97 82 52 14 54
Card 207: 63 55 50 32 43 71 39 20 16 38 | 74 31 40 38 20 85 48 21 61 37 59 66 34 94 30 57  2 13 42 28 64 51 41 49 62
Card 208: 78 51 42 63 24 19 35 99 87 97 | 75 20 90 78 50 79 56 41  1 73 46 26 36  8 43 70  6 83 80 98 57 52 17  7 14
Card 209: 61  7  9 81 20 54 92 74 53 63 | 85  4 79 68 58 91 90 71 50 30 65 17 18 77 76 22 82 47 84 75 59 32 57 35 86
