8,7,300~8,8,300
5,1,54~5,2,54
7,9,28~8,9,28
3,5,327~3,6,327
9,0,285~9,3,285
0,5,335~0,8,335
3,6,109~3,8,109
0,6,104~0,9,104
4,6,235~4,9,235
4,2,244~4,4,244
4,8,222~6,8,222
3,3,327~3,3,327
2,1,25~4,1,25
8,1,106~8,1,109
2,2,269~4,2,269
2,9,261~4,9,261
8,5,260~8,7,260
3,0,122~5,0,122
5,7,81~5,9,81
3,6,330~3,8,330
8,1,163~8,3,163
2,5,81~6,5,81
0,4,2~0,6,2
2,2,246~4,2,246
4,0,350~4,3,350
3,6,8~3,7,8
9,3,153~9,5,153
1,1,124~1,3,124
5,8,322~7,8,322
7,1,172~8,1,172
5,3,73~5,5,73
5,2,73~7,2,73
2,4,278~2,6,278
2,9,10~3,9,10
2,4,117~2,7,117
5,9,214~6,9,214
5,4,312~5,6,312
0,3,334~0,5,334
6,0,277~9,0,277
1,2,357~1,5,357
5,5,60~5,7,60
4,5,248~7,5,248
2,3,314~5,3,314
9,2,9~9,4,9
8,3,176~8,6,176
3,3,273~3,5,273
4,6,126~4,8,126
7,0,161~7,3,161
3,1,140~4,1,140
0,4,174~2,4,174
3,5,365~3,7,365
1,3,168~4,3,168
6,5,301~7,5,301
2,1,358~2,2,358
8,1,242~8,4,242
5,3,260~5,3,263
1,4,97~2,4,97
3,1,271~3,3,271
5,7,370~6,7,370
1,8,60~3,8,60
0,3,111~3,3,111
5,4,370~5,6,370
1,7,179~4,7,179
7,4,267~9,4,267
4,3,138~4,3,140
1,6,15~2,6,15
5,0,268~7,0,268
1,5,6~1,8,6
3,8,26~6,8,26
3,1,354~3,2,354
7,7,113~7,8,113
9,1,276~9,3,276
0,0,10~2,0,10
0,3,292~1,3,292
7,0,314~8,0,314
4,3,19~6,3,19
0,2,36~2,2,36
2,6,266~3,6,266
4,4,155~6,4,155
3,6,194~3,7,194
5,5,115~5,8,115
1,2,10~3,2,10
1,4,92~1,4,95
1,4,120~4,4,120
1,6,166~4,6,166
0,4,365~1,4,365
2,5,238~5,5,238
7,5,201~7,7,201
6,3,299~6,6,299
6,1,2~7,1,2
6,9,264~9,9,264
3,6,58~3,8,58
6,2,43~6,5,43
3,7,315~3,8,315
9,8,177~9,8,179
5,3,181~6,3,181
4,7,175~6,7,175
9,3,10~9,3,12
3,2,8~3,4,8
7,2,263~7,5,263
2,1,351~4,1,351
4,3,184~6,3,184
3,2,35~3,3,35
0,4,211~0,7,211
1,8,11~1,9,11
0,1,44~0,3,44
8,7,343~8,9,343
8,7,344~8,9,344
3,5,37~5,5,37
1,5,275~4,5,275
8,0,323~8,3,323
0,3,237~2,3,237
7,0,7~7,1,7
1,5,283~3,5,283
3,0,25~6,0,25
9,1,75~9,4,75
4,1,331~4,3,331
2,2,341~2,4,341
1,0,8~3,0,8
0,5,364~0,8,364
8,6,270~8,6,273
1,0,246~2,0,246
0,2,54~2,2,54
7,6,188~7,9,188
4,4,349~4,6,349
8,2,7~8,4,7
7,2,216~9,2,216
0,1,360~2,1,360
4,5,117~4,7,117
2,5,225~2,8,225
6,5,371~8,5,371
2,6,301~2,8,301
1,7,199~1,8,199
0,2,63~0,5,63
2,2,348~2,4,348
6,5,302~6,7,302
2,4,127~2,6,127
7,5,339~7,8,339
4,7,5~6,7,5
1,8,306~1,9,306
4,5,216~6,5,216
8,3,236~8,5,236
4,3,229~7,3,229
6,5,294~6,5,296
4,2,236~4,4,236
3,5,39~3,8,39
2,4,244~3,4,244
1,1,3~1,2,3
4,9,211~7,9,211
7,0,263~9,0,263
5,6,48~5,8,48
4,7,176~4,9,176
3,9,260~4,9,260
5,3,232~5,5,232
5,8,14~5,9,14
5,4,348~6,4,348
5,5,151~5,7,151
9,7,203~9,9,203
5,3,258~8,3,258
4,6,191~6,6,191
2,6,43~2,7,43
0,2,214~1,2,214
3,2,322~3,4,322
9,2,273~9,4,273
1,5,129~2,5,129
1,4,123~4,4,123
3,1,278~3,3,278
0,4,259~2,4,259
3,0,98~6,0,98
4,5,246~5,5,246
3,7,368~3,7,371
7,1,16~7,1,20
0,0,212~0,0,212
4,0,33~4,3,33
3,5,29~3,7,29
6,5,163~9,5,163
2,4,350~2,5,350
2,4,252~2,5,252
1,0,125~1,1,125
5,0,203~7,0,203
7,4,140~7,6,140
3,0,201~5,0,201
5,5,122~5,7,122
2,1,87~2,3,87
8,6,169~8,8,169
5,2,162~5,2,164
8,8,121~8,9,121
3,9,181~5,9,181
7,6,40~7,6,41
2,7,10~3,7,10
6,0,279~6,0,282
3,2,90~4,2,90
1,0,240~1,2,240
5,9,114~8,9,114
5,9,153~5,9,157
7,5,6~7,5,8
5,8,249~8,8,249
1,1,255~4,1,255
6,3,34~6,5,34
6,6,306~9,6,306
8,2,272~8,4,272
6,2,192~6,4,192
5,3,8~5,5,8
5,3,34~5,5,34
4,5,277~4,7,277
6,4,282~6,7,282
7,7,111~7,9,111
9,2,43~9,5,43
2,3,356~2,3,360
1,3,11~3,3,11
3,0,10~4,0,10
7,6,3~7,6,3
5,1,35~5,3,35
5,5,109~7,5,109
6,9,14~6,9,17
3,6,295~3,9,295
3,4,196~3,4,200
3,6,256~6,6,256
2,1,70~2,3,70
4,7,125~4,8,125
1,3,352~1,4,352
3,4,76~6,4,76
8,4,186~8,7,186
7,3,208~9,3,208
0,0,138~0,3,138
4,6,128~4,9,128
0,4,17~0,5,17
1,8,88~3,8,88
8,4,163~8,4,164
2,3,142~2,6,142
3,3,112~5,3,112
2,6,217~2,7,217
3,3,286~3,6,286
9,4,299~9,6,299
9,5,41~9,6,41
6,4,223~6,6,223
7,4,32~8,4,32
3,4,313~3,7,313
4,3,271~5,3,271
3,4,175~6,4,175
4,8,96~6,8,96
2,8,178~4,8,178
0,4,289~0,4,291
4,6,77~4,7,77
0,5,168~2,5,168
6,7,88~9,7,88
8,7,153~8,9,153
3,2,101~6,2,101
5,2,259~7,2,259
2,4,121~2,7,121
3,6,291~5,6,291
1,5,368~3,5,368
4,1,171~4,2,171
3,7,332~3,8,332
4,1,166~4,4,166
3,2,200~3,2,202
5,8,121~7,8,121
0,6,253~0,8,253
1,0,51~2,0,51
3,5,12~3,7,12
3,5,241~3,7,241
7,6,202~8,6,202
9,7,305~9,9,305
9,0,281~9,3,281
5,3,253~5,4,253
5,2,301~8,2,301
6,0,24~6,3,24
6,5,51~8,5,51
4,9,165~5,9,165
3,7,367~5,7,367
0,3,116~0,3,116
1,2,326~1,5,326
3,7,172~3,9,172
6,5,203~7,5,203
7,3,206~7,5,206
9,4,297~9,5,297
5,4,358~7,4,358
3,7,142~3,9,142
1,6,127~1,7,127
5,7,45~8,7,45
0,3,330~0,5,330
7,3,73~9,3,73
5,2,51~7,2,51
8,4,275~9,4,275
3,5,255~4,5,255
0,8,261~0,9,261
3,9,307~4,9,307
8,8,26~9,8,26
4,4,169~6,4,169
8,1,345~8,3,345
5,0,88~5,3,88
2,4,361~2,6,361
4,5,231~4,7,231
4,0,191~4,2,191
0,2,65~0,2,67
2,0,190~4,0,190
7,5,176~7,6,176
2,6,66~4,6,66
4,3,358~4,5,358
7,3,120~7,6,120
3,0,74~3,2,74
8,6,255~8,9,255
1,5,162~1,7,162
9,6,341~9,6,341
7,4,154~9,4,154
5,7,289~7,7,289
2,4,46~4,4,46
6,5,226~6,5,228
8,1,37~8,4,37
1,7,69~1,9,69
2,0,285~2,2,285
3,5,280~5,5,280
1,1,121~3,1,121
1,0,115~1,3,115
5,1,336~5,3,336
7,6,6~7,7,6
9,3,99~9,5,99
3,1,123~5,1,123
5,3,39~5,5,39
4,5,3~4,6,3
7,0,197~8,0,197
1,7,324~1,7,326
6,5,93~8,5,93
5,5,292~5,7,292
3,8,139~5,8,139
1,0,296~2,0,296
8,3,334~9,3,334
5,5,315~5,8,315
2,1,189~4,1,189
5,5,150~7,5,150
0,4,359~2,4,359
4,7,223~6,7,223
3,2,337~5,2,337
3,1,295~3,2,295
6,2,27~8,2,27
4,2,338~4,2,341
2,6,76~2,8,76
1,2,238~5,2,238
3,5,205~3,7,205
4,5,313~5,5,313
2,0,52~4,0,52
4,6,2~6,6,2
1,6,314~3,6,314
8,5,272~8,5,275
0,3,141~0,4,141
2,5,221~2,7,221
3,5,15~5,5,15
4,0,312~7,0,312
8,4,233~8,6,233
7,2,167~7,2,168
5,9,301~7,9,301
4,2,23~4,4,23
2,8,336~4,8,336
6,6,128~8,6,128
4,3,188~4,6,188
1,2,52~1,4,52
0,3,364~0,3,367
7,0,266~9,0,266
6,7,10~8,7,10
7,3,100~9,3,100
1,0,33~1,2,33
7,8,147~9,8,147
3,2,128~3,5,128
9,0,274~9,2,274
1,8,335~3,8,335
2,1,354~2,2,354
0,7,288~3,7,288
8,1,132~8,4,132
1,8,18~4,8,18
0,9,309~3,9,309
6,6,137~6,8,137
9,1,64~9,5,64
5,5,100~5,7,100
0,3,65~0,6,65
1,5,222~2,5,222
5,1,163~6,1,163
8,2,356~8,4,356
6,1,316~8,1,316
9,1,284~9,3,284
5,4,62~5,6,62
0,9,165~1,9,165
4,4,125~7,4,125
5,6,318~5,7,318
4,3,104~4,6,104
6,5,291~6,7,291
6,4,325~6,4,328
3,2,136~4,2,136
4,7,239~4,9,239
3,5,6~3,7,6
2,5,255~2,5,257
4,0,304~4,0,307
6,1,315~6,3,315
9,5,260~9,8,260
6,9,269~8,9,269
2,2,284~2,4,284
7,0,205~9,0,205
3,9,36~5,9,36
2,4,288~4,4,288
1,9,71~2,9,71
1,4,55~1,4,58
5,3,195~8,3,195
4,8,93~4,8,95
3,2,99~3,5,99
2,8,171~3,8,171
4,9,130~5,9,130
8,6,130~8,8,130
7,0,12~7,2,12
3,6,125~3,8,125
9,3,338~9,5,338
6,7,372~6,9,372
0,1,141~2,1,141
6,8,64~6,9,64
3,4,18~3,5,18
0,3,259~2,3,259
3,0,251~3,1,251
2,8,276~5,8,276
6,8,52~6,9,52
3,1,203~3,1,204
1,5,159~3,5,159
0,0,97~2,0,97
8,6,201~8,8,201
8,0,127~8,2,127
3,4,57~3,4,58
3,4,347~5,4,347
8,3,5~8,6,5
3,9,298~5,9,298
1,2,205~1,4,205
2,5,100~2,7,100
5,1,343~5,1,346
1,7,3~3,7,3
5,7,85~7,7,85
2,8,8~5,8,8
1,5,170~1,6,170
2,5,346~4,5,346
7,4,117~7,6,117
5,7,191~7,7,191
9,0,87~9,3,87
7,6,185~9,6,185
0,4,281~2,4,281
9,5,340~9,7,340
5,4,138~7,4,138
5,4,361~7,4,361
1,6,235~1,9,235
0,1,356~2,1,356
3,4,157~5,4,157
1,2,26~4,2,26
1,4,82~3,4,82
2,8,144~4,8,144
7,1,364~7,4,364
4,7,251~4,9,251
7,5,118~7,7,118
3,2,25~3,4,25
2,8,338~5,8,338
4,0,275~5,0,275
4,1,31~4,3,31
0,6,64~0,8,64
1,5,167~1,8,167
2,8,303~2,9,303
5,0,2~6,0,2
1,3,23~1,3,24
5,2,57~7,2,57
8,8,268~8,9,268
4,1,137~4,3,137
7,4,298~7,5,298
3,8,337~5,8,337
3,7,333~4,7,333
1,1,206~1,3,206
4,4,167~7,4,167
9,3,50~9,6,50
2,6,161~4,6,161
3,1,56~3,3,56
8,5,373~8,8,373
2,0,2~2,0,5
1,2,270~2,2,270
5,1,15~5,3,15
1,2,331~1,5,331
6,2,22~6,5,22
0,3,41~0,6,41
5,7,252~8,7,252
3,1,182~4,1,182
5,7,152~5,9,152
7,6,248~7,6,249
1,1,103~4,1,103
7,2,287~7,5,287
7,3,62~9,3,62
8,5,342~8,5,343
3,9,160~5,9,160
4,3,360~4,3,363
3,7,275~3,8,275
7,7,65~7,9,65
0,3,114~2,3,114
2,0,245~5,0,245
5,6,164~5,9,164
6,6,344~8,6,344
5,9,4~6,9,4
5,1,21~5,3,21
7,2,304~8,2,304
2,2,55~2,4,55
1,2,28~1,2,29
0,0,289~0,2,289
3,6,363~5,6,363
8,5,62~8,6,62
2,3,85~5,3,85
4,7,195~7,7,195
7,0,142~7,3,142
1,2,366~1,4,366
9,7,235~9,9,235
0,3,77~0,6,77
9,5,116~9,5,118
6,1,265~6,2,265
0,7,103~3,7,103
7,7,262~9,7,262
1,3,348~1,6,348
5,3,173~5,5,173
3,0,193~3,0,195
8,1,88~8,1,89
2,7,112~2,9,112
4,5,124~5,5,124
5,3,257~5,5,257
6,2,59~6,2,61
8,7,148~8,9,148
5,9,11~7,9,11
0,4,38~0,7,38
6,7,297~8,7,297
4,1,317~4,4,317
3,1,178~3,2,178
6,5,144~9,5,144
6,5,117~6,7,117
6,1,353~6,4,353
6,8,24~9,8,24
7,2,82~9,2,82
6,7,178~8,7,178
1,9,24~1,9,27
6,0,357~6,2,357
8,0,130~8,1,130
7,2,211~7,4,211
8,2,45~8,5,45
2,2,105~4,2,105
7,4,268~9,4,268
5,8,55~6,8,55
4,1,325~4,1,327
0,3,261~0,6,261
3,2,22~5,2,22
8,3,297~8,4,297
1,4,70~1,7,70
4,8,255~6,8,255
4,5,33~7,5,33
9,4,234~9,7,234
0,5,79~0,5,81
2,3,52~6,3,52
7,9,198~8,9,198
8,4,119~8,7,119
1,5,48~2,5,48
0,8,14~3,8,14
7,4,212~7,6,212
6,3,120~6,5,120
4,2,254~4,3,254
4,4,64~7,4,64
3,9,35~5,9,35
6,4,30~9,4,30
1,1,48~1,3,48
6,5,156~9,5,156
5,2,74~7,2,74
4,3,10~6,3,10
6,6,343~6,8,343
7,3,182~9,3,182
3,0,55~3,0,57
2,1,252~4,1,252
8,3,348~8,5,348
4,3,110~6,3,110
7,2,71~7,3,71
1,4,247~1,6,247
2,0,365~2,3,365
4,3,330~6,3,330
8,0,278~8,3,278
1,7,68~4,7,68
5,4,322~6,4,322
6,1,1~6,3,1
9,4,271~9,6,271
7,2,59~7,5,59
4,5,361~4,7,361
5,8,319~6,8,319
6,6,73~9,6,73
7,6,64~7,8,64
7,8,61~9,8,61
7,3,179~7,5,179
1,3,171~1,3,173
2,9,264~4,9,264
7,4,13~7,5,13
6,6,303~8,6,303
7,4,308~7,7,308
7,6,48~9,6,48
9,6,62~9,8,62
3,5,76~5,5,76
4,0,32~4,2,32
2,4,17~2,6,17
6,6,132~6,6,134
3,1,142~3,1,144
6,5,204~8,5,204
4,4,234~4,5,234
9,1,255~9,4,255
3,6,98~3,8,98
6,3,159~6,5,159
6,4,54~6,7,54
7,6,68~7,6,70
3,4,360~5,4,360
5,5,338~7,5,338
5,0,196~5,2,196
3,6,101~3,6,101
6,6,174~9,6,174
0,2,176~0,4,176
6,7,19~8,7,19
7,2,336~7,2,338
6,3,180~7,3,180
4,1,56~5,1,56
2,6,170~2,8,170
0,7,132~3,7,132
7,1,64~7,1,64
1,5,319~3,5,319
6,3,340~6,5,340
4,4,245~7,4,245
1,6,357~4,6,357
9,6,175~9,8,175
0,4,69~0,6,69
7,0,39~7,0,41
9,3,184~9,4,184
1,3,247~4,3,247
5,9,27~5,9,29
9,4,329~9,5,329
5,1,332~5,2,332
6,6,131~6,7,131
8,7,304~8,7,305
2,0,187~2,1,187
5,3,218~5,6,218
7,6,47~7,7,47
0,3,288~0,5,288
8,3,210~8,5,210
4,8,282~4,8,282
6,2,83~6,4,83
5,1,148~7,1,148
0,4,263~1,4,263
2,2,171~2,4,171
4,1,22~5,1,22
4,4,11~6,4,11
7,4,66~7,6,66
6,8,131~8,8,131
0,6,250~2,6,250
2,8,82~2,8,85
7,1,358~9,1,358
5,1,176~7,1,176
0,4,14~2,4,14
5,3,16~7,3,16
0,2,287~2,2,287
3,0,305~3,1,305
1,0,293~1,2,293
6,0,207~7,0,207
8,6,132~8,9,132
9,5,147~9,6,147
7,4,116~9,4,116
7,2,325~9,2,325
2,1,175~4,1,175
5,1,234~5,4,234
3,2,98~3,4,98
5,3,355~8,3,355
6,4,95~6,7,95
6,2,170~6,5,170
1,6,13~1,7,13
9,6,232~9,9,232
0,5,174~0,8,174
3,3,32~4,3,32
9,3,337~9,6,337
6,5,373~7,5,373
8,4,35~8,6,35
2,4,15~2,5,15
3,3,276~3,4,276
8,3,151~9,3,151
0,1,139~2,1,139
7,0,30~7,0,32
0,1,306~3,1,306
1,9,35~1,9,36
1,9,311~1,9,314
8,9,26~9,9,26
6,1,200~9,1,200
1,1,290~1,3,290
4,7,278~4,8,278
8,0,166~8,2,166
7,3,290~8,3,290
0,4,125~3,4,125
7,7,20~7,9,20
1,5,287~1,7,287
8,1,22~8,2,22
4,1,352~6,1,352
6,3,78~9,3,78
0,5,175~0,7,175
9,5,158~9,8,158
1,7,323~2,7,323
3,7,193~6,7,193
2,2,320~2,5,320
5,3,42~8,3,42
3,3,158~3,6,158
0,6,24~0,6,26
4,2,185~4,4,185
1,1,53~1,3,53
2,2,140~4,2,140
4,6,57~7,6,57
6,2,67~7,2,67
4,5,217~4,7,217
2,6,317~4,6,317
6,4,80~7,4,80
3,9,8~5,9,8
7,8,229~9,8,229
0,2,362~0,5,362
1,4,202~1,7,202
9,2,262~9,3,262
5,9,116~6,9,116
2,7,255~2,9,255
5,3,51~5,5,51
0,1,292~0,1,295
1,1,19~1,3,19
4,7,133~5,7,133
4,0,169~4,1,169
7,2,78~7,2,78
7,3,292~7,4,292
6,3,157~6,4,157
7,7,303~9,7,303
1,4,177~1,4,180
5,2,213~8,2,213
8,7,167~8,9,167
7,3,184~7,5,184
6,0,256~6,4,256
0,2,32~2,2,32
3,5,123~3,7,123
4,7,1~4,7,3
1,4,288~1,6,288
5,4,254~7,4,254
1,3,354~2,3,354
6,6,178~8,6,178
4,5,48~6,5,48
1,7,197~3,7,197
2,5,115~2,7,115
5,1,36~7,1,36
2,0,6~2,1,6
7,0,262~7,1,262
7,5,143~7,7,143
2,5,233~2,8,233
6,3,81~8,3,81
6,1,169~8,1,169
8,5,6~8,8,6
2,9,251~2,9,254
2,2,235~2,6,235
7,7,203~8,7,203
3,4,261~3,6,261
0,0,183~0,0,183
1,6,169~3,6,169
3,6,222~5,6,222
5,4,152~5,5,152
5,9,1~5,9,3
2,1,71~4,1,71
3,2,133~5,2,133
8,7,307~8,9,307
9,6,10~9,6,12
0,7,35~2,7,35
8,1,48~8,4,48
4,1,17~5,1,17
1,7,99~3,7,99
8,9,275~9,9,275
6,4,330~6,6,330
4,0,355~4,3,355
0,4,106~0,6,106
2,7,212~4,7,212
2,5,247~2,5,247
9,3,2~9,3,4
1,6,232~1,8,232
9,8,262~9,8,263
0,2,11~0,4,11
4,8,98~7,8,98
4,8,285~4,8,286
4,0,96~4,0,97
1,2,338~3,2,338
4,1,302~4,2,302
0,8,256~2,8,256
6,2,110~8,2,110
3,1,248~5,1,248
7,0,311~7,3,311
3,0,366~3,2,366
2,2,307~4,2,307
4,0,139~4,1,139
2,3,372~2,5,372
5,4,141~9,4,141
9,1,282~9,2,282
1,5,233~1,8,233
1,0,242~3,0,242
3,3,325~3,3,325
8,1,261~8,2,261
7,8,101~7,8,104
2,7,247~5,7,247
7,3,261~9,3,261
4,1,1~4,2,1
3,6,290~4,6,290
7,5,181~7,7,181
6,2,102~8,2,102
3,5,293~3,7,293
4,5,210~4,8,210
2,6,214~2,7,214
7,8,19~9,8,19
9,2,124~9,5,124
4,3,332~4,3,334
1,6,74~1,7,74
0,2,269~0,3,269
4,3,67~4,5,67
0,9,259~3,9,259
3,6,232~3,8,232
0,6,10~2,6,10
7,7,16~7,8,16
8,5,263~9,5,263
7,3,25~8,3,25
0,5,135~0,7,135
2,7,260~2,9,260
6,1,145~9,1,145
8,3,52~8,5,52
6,7,56~8,7,56
1,9,304~3,9,304
2,4,90~2,8,90
7,8,172~7,9,172
6,5,337~8,5,337
9,6,201~9,7,201
0,9,23~2,9,23
4,8,271~6,8,271
9,7,16~9,7,19
4,9,178~6,9,178
5,7,340~7,7,340
5,3,185~5,6,185
0,6,66~0,6,67
5,5,188~6,5,188
0,1,208~2,1,208
0,5,27~0,7,27
8,6,150~8,9,150
3,0,303~5,0,303
3,7,364~4,7,364
8,1,148~8,4,148
4,5,132~4,7,132
3,7,343~5,7,343
0,7,170~1,7,170
5,7,254~5,9,254
7,6,100~7,9,100
7,1,137~7,4,137
6,7,172~9,7,172
0,7,150~0,9,150
0,3,20~0,4,20
1,0,327~1,2,327
1,3,208~3,3,208
8,5,234~8,7,234
2,0,307~3,0,307
3,7,122~4,7,122
6,9,22~6,9,23
2,3,371~2,5,371
3,8,94~3,8,95
3,3,249~5,3,249
0,3,239~2,3,239
0,8,206~0,9,206
5,0,300~5,3,300
3,6,136~3,9,136
8,0,16~8,2,16
5,9,21~8,9,21
0,2,58~3,2,58
2,3,45~2,5,45
8,8,203~8,9,203
0,5,286~1,5,286
2,5,250~5,5,250
3,7,5~3,9,5
6,6,353~8,6,353
5,3,90~5,4,90
2,5,310~5,5,310
4,1,324~4,2,324
0,3,240~0,5,240
0,2,81~2,2,81
4,7,233~6,7,233
4,0,91~6,0,91
4,5,368~6,5,368
2,7,126~2,9,126
4,2,170~4,4,170
7,4,164~7,5,164
8,0,129~9,0,129
4,3,313~6,3,313
2,7,15~4,7,15
9,4,38~9,6,38
6,5,37~6,7,37
5,4,86~5,7,86
1,7,129~3,7,129
3,4,26~3,5,26
8,4,269~8,7,269
7,5,286~7,7,286
8,0,325~8,1,325
6,5,151~8,5,151
2,1,288~3,1,288
3,4,195~3,6,195
8,6,91~8,9,91
4,7,136~5,7,136
3,3,366~5,3,366
3,0,97~3,2,97
4,4,196~6,4,196
3,1,147~3,1,148
9,3,326~9,4,326
4,3,107~4,5,107
8,6,104~8,8,104
7,6,58~7,8,58
5,4,161~6,4,161
1,5,244~4,5,244
0,8,142~1,8,142
8,4,33~8,6,33
4,0,273~4,1,273
3,0,138~3,3,138
4,7,372~5,7,372
8,4,38~8,4,40
1,8,336~1,8,339
3,1,293~6,1,293
3,2,92~4,2,92
7,4,69~8,4,69
0,2,295~0,4,295
7,4,266~9,4,266
5,6,156~5,8,156
6,2,328~8,2,328
6,7,120~8,7,120
4,4,328~5,4,328
4,9,242~4,9,243
3,4,327~3,4,329
8,0,90~9,0,90
7,0,37~7,2,37
4,2,108~7,2,108
2,6,224~4,6,224
1,2,271~2,2,271
8,6,276~9,6,276
6,9,24~9,9,24
6,2,47~6,4,47
7,4,95~7,6,95
8,4,113~8,7,113
4,6,71~4,7,71
5,9,242~6,9,242
8,5,94~8,6,94
9,0,260~9,3,260
7,6,102~9,6,102
2,0,325~2,2,325
4,0,100~6,0,100
5,0,48~9,0,48
2,8,79~5,8,79
0,3,74~0,4,74
7,6,191~8,6,191
9,2,85~9,5,85
3,2,318~5,2,318
2,1,61~2,4,61
6,0,45~6,3,45
1,9,34~3,9,34
8,4,240~8,6,240
0,0,182~0,2,182
6,1,113~6,2,113
3,4,325~3,8,325
3,4,222~5,4,222
3,5,16~6,5,16
0,8,145~0,8,145
4,9,374~6,9,374
7,5,261~7,7,261
9,7,91~9,9,91
1,6,46~1,6,49
3,4,233~3,7,233
3,6,236~5,6,236
5,1,57~6,1,57
1,6,289~1,6,291
9,5,113~9,7,113
8,0,206~8,0,207
7,9,265~8,9,265
3,0,198~3,2,198
0,3,67~2,3,67
0,6,203~3,6,203
1,0,116~1,2,116
3,1,145~4,1,145
2,2,103~4,2,103
2,7,320~2,8,320
6,6,259~6,9,259
5,0,27~7,0,27
1,3,46~3,3,46
7,5,250~9,5,250
8,1,80~8,4,80
2,4,343~2,5,343
0,5,59~3,5,59
4,5,89~8,5,89
9,2,189~9,2,191
3,4,110~5,4,110
3,8,49~6,8,49
1,2,137~3,2,137
5,6,55~8,6,55
3,1,106~3,1,108
9,5,187~9,8,187
7,3,244~9,3,244
8,1,318~8,1,321
7,1,9~9,1,9
7,2,15~9,2,15
6,6,109~9,6,109
0,6,181~0,8,181
6,6,60~8,6,60
9,4,308~9,6,308
3,5,114~7,5,114
7,5,15~7,5,17
5,5,3~5,5,3
8,6,247~8,9,247
4,8,237~4,8,237
0,3,264~0,5,264
2,6,265~3,6,265
0,1,271~2,1,271
1,0,118~2,0,118
4,3,82~5,3,82
2,0,47~2,3,47
0,3,143~1,3,143
7,3,150~9,3,150
3,9,241~4,9,241
6,9,325~8,9,325
4,8,246~4,9,246
4,3,242~6,3,242
4,1,364~4,1,365
0,1,185~2,1,185
5,5,45~7,5,45
0,8,177~0,8,178
3,0,357~5,0,357
8,2,79~8,5,79
3,0,103~4,0,103
5,1,241~5,3,241
5,1,264~7,1,264
0,8,263~1,8,263
6,5,336~7,5,336
4,2,247~6,2,247
4,2,342~4,2,344
5,7,321~5,9,321
5,5,285~7,5,285
4,4,73~4,6,73
2,5,44~2,7,44
1,1,15~3,1,15
3,0,265~3,3,265
3,4,55~3,7,55
8,9,93~8,9,95
5,4,35~5,6,35
1,0,94~4,0,94
3,9,32~6,9,32
9,1,202~9,1,202
1,6,8~1,8,8
9,1,12~9,1,13
2,8,212~4,8,212
3,7,43~3,8,43
9,9,206~9,9,206
4,7,299~6,7,299
3,1,9~3,2,9
9,3,45~9,6,45
5,6,241~5,6,241
3,2,135~3,4,135
6,9,169~8,9,169
3,3,317~3,5,317
3,2,130~4,2,130
1,7,89~1,9,89
6,3,122~9,3,122
0,2,106~2,2,106
8,4,122~8,7,122
8,5,11~8,7,11
6,3,324~9,3,324
5,4,103~5,5,103
2,0,143~2,2,143
2,6,263~5,6,263
9,3,53~9,5,53
5,1,309~5,3,309
3,2,88~3,3,88
1,0,59~1,2,59
7,2,54~7,5,54
6,1,309~6,3,309
0,1,38~0,3,38
4,1,299~6,1,299
7,5,112~9,5,112
0,5,249~4,5,249
0,0,192~3,0,192
7,6,9~9,6,9
4,6,334~6,6,334
2,5,101~4,5,101
2,6,354~2,7,354
4,2,29~4,3,29
2,1,12~5,1,12
6,3,333~6,6,333
0,5,210~0,7,210
7,3,128~9,3,128
6,2,165~8,2,165
5,8,118~7,8,118
8,4,359~8,4,361
1,6,41~3,6,41
7,6,257~9,6,257
7,1,289~7,2,289
2,0,197~4,0,197
3,7,374~3,9,374
8,1,125~8,3,125
9,3,210~9,5,210
2,7,182~2,7,185
1,8,13~4,8,13
9,8,93~9,9,93
2,4,241~2,7,241
6,3,201~6,3,201
7,7,271~9,7,271
5,2,75~7,2,75
7,7,242~8,7,242
0,1,216~0,2,216
9,1,286~9,3,286
6,7,266~6,9,266
8,2,197~8,3,197
5,8,155~6,8,155
6,8,158~6,8,161
7,9,92~8,9,92
8,6,125~8,9,125
3,8,273~5,8,273
9,5,70~9,5,73
8,5,111~8,8,111
4,0,362~5,0,362
0,5,51~1,5,51
0,1,212~1,1,212
2,5,6~2,7,6
1,4,96~1,4,96
3,3,169~4,3,169
1,2,84~1,3,84
9,6,316~9,6,317
2,5,171~5,5,171
1,4,165~1,7,165
3,1,297~4,1,297
0,2,266~3,2,266
3,7,74~3,7,76
5,0,87~5,3,87
8,4,178~9,4,178
1,0,22~1,3,22
6,3,366~9,3,366
8,1,81~8,2,81
1,4,346~3,4,346
4,2,304~4,3,304
3,6,331~3,6,334
5,2,2~6,2,2
6,1,150~6,2,150
1,6,352~4,6,352
3,7,163~3,9,163
8,1,49~9,1,49
7,5,67~9,5,67
3,3,259~3,6,259
0,0,211~0,2,211
1,3,224~1,6,224
5,2,158~5,4,158
3,4,284~3,7,284
6,0,145~8,0,145
0,5,28~1,5,28
7,1,341~7,5,341
0,2,337~0,4,337
7,4,96~9,4,96
6,4,158~6,6,158
3,4,253~3,7,253
4,4,108~6,4,108
5,4,230~8,4,230
8,1,263~8,2,263
9,0,185~9,3,185
4,3,70~6,3,70
6,3,35~6,6,35
5,5,224~5,6,224
7,5,4~7,6,4
3,7,51~3,9,51
7,6,171~9,6,171
0,7,3~0,7,4
5,4,227~6,4,227
1,7,73~4,7,73
0,7,65~0,9,65
5,7,344~5,7,346
3,9,25~6,9,25
3,8,91~6,8,91
1,2,49~1,4,49
1,5,371~1,5,371
0,5,137~1,5,137
1,4,137~2,4,137
0,7,37~0,8,37
5,6,316~5,9,316
3,5,56~4,5,56
5,8,16~5,8,18
8,7,237~8,9,237
7,4,77~9,4,77
9,6,13~9,7,13
2,7,32~4,7,32
8,1,85~8,2,85
4,0,88~4,4,88
1,5,72~1,6,72
2,7,220~5,7,220
5,7,246~8,7,246
6,6,7~6,8,7
8,5,2~8,8,2
6,7,269~6,8,269
0,4,178~0,4,180
6,5,86~6,7,86
7,7,227~7,9,227
3,1,100~3,3,100
0,2,174~0,3,174
7,0,251~9,0,251
6,2,194~6,4,194
2,9,296~5,9,296
6,6,67~6,8,67
5,4,163~5,7,163
8,2,199~8,3,199
2,2,175~2,4,175
3,1,200~4,1,200
3,6,279~6,6,279
3,0,267~3,0,268
1,4,289~2,4,289
2,5,110~2,7,110
0,0,48~3,0,48
9,1,90~9,1,90
0,1,2~1,1,2
6,1,355~8,1,355
4,6,131~5,6,131
4,6,106~4,7,106
1,6,368~3,6,368
5,6,82~5,7,82
7,7,107~8,7,107
9,1,164~9,2,164
6,1,198~6,4,198
8,5,145~8,6,145
3,7,133~3,8,133
5,2,235~8,2,235
7,0,61~7,2,61
7,9,276~9,9,276
2,2,37~4,2,37
8,4,349~8,5,349
5,4,213~5,8,213
6,4,292~6,7,292
9,0,76~9,1,76
0,1,9~0,2,9
7,1,70~7,3,70
2,2,174~3,2,174
1,6,20~1,9,20
4,4,163~4,7,163
1,9,187~3,9,187
0,1,177~3,1,177
2,0,359~5,0,359
3,5,20~3,7,20
0,3,53~0,6,53
3,0,181~3,2,181
7,1,342~9,1,342
4,4,221~6,4,221
3,2,118~3,3,118
6,9,2~9,9,2
5,0,251~5,0,253
5,3,139~8,3,139
5,2,335~7,2,335
2,5,208~5,5,208
5,2,195~8,2,195
2,9,115~2,9,117
4,2,327~4,4,327
2,4,7~2,6,7
8,1,331~8,4,331
7,0,196~7,3,196
2,6,362~2,9,362
2,2,258~2,5,258
3,5,366~6,5,366
4,5,221~4,8,221
4,5,360~6,5,360
5,0,4~8,0,4
9,1,161~9,4,161
0,0,287~2,0,287
0,8,175~1,8,175
7,4,295~9,4,295
5,4,248~5,4,250
7,0,166~7,2,166
3,7,119~5,7,119
9,0,269~9,2,269
5,7,173~7,7,173
5,9,191~7,9,191
7,3,19~7,3,22
4,2,249~4,2,251
7,4,83~9,4,83
2,3,108~4,3,108
8,6,106~8,6,107
1,3,227~1,4,227
5,7,99~5,9,99
7,3,357~7,5,357
7,8,342~9,8,342
6,0,103~9,0,103
0,3,72~2,3,72
3,8,62~6,8,62
3,4,225~5,4,225
4,3,309~4,5,309
6,4,31~6,5,31
6,3,49~8,3,49
7,6,182~7,7,182
2,9,162~5,9,162
5,1,161~5,2,161
1,5,18~1,6,18
1,8,140~3,8,140
5,2,64~6,2,64
1,1,256~3,1,256
6,3,310~7,3,310
2,6,228~5,6,228
4,6,182~4,7,182
1,9,186~4,9,186
8,3,162~8,5,162
6,8,5~9,8,5
8,4,340~8,6,340
6,9,241~8,9,241
7,7,200~9,7,200
5,9,126~8,9,126
2,4,79~2,6,79
3,4,319~5,4,319
2,2,323~3,2,323
1,6,230~3,6,230
7,7,247~7,7,249
0,8,16~2,8,16
0,3,136~3,3,136
3,6,251~3,9,251
4,5,137~4,7,137
4,6,239~6,6,239
7,0,179~7,1,179
8,1,359~9,1,359
1,7,224~4,7,224
9,3,259~9,3,259
3,1,3~4,1,3
4,8,280~6,8,280
2,8,202~4,8,202
2,4,124~4,4,124
9,3,253~9,5,253
6,1,202~8,1,202
2,0,124~2,1,124
5,5,210~5,7,210
3,9,326~5,9,326
4,1,173~5,1,173
7,2,45~7,4,45
2,3,117~5,3,117
1,1,268~4,1,268
0,3,351~2,3,351
2,2,205~4,2,205
0,4,282~1,4,282
4,1,321~7,1,321
8,1,105~8,3,105
5,7,225~8,7,225
3,3,318~5,3,318
0,6,206~0,6,209
4,2,227~4,4,227
9,0,133~9,2,133
8,3,238~8,5,238
0,9,208~4,9,208
9,0,186~9,2,186
3,3,54~3,4,54
8,3,28~8,4,28
4,4,213~4,6,213
3,5,47~5,5,47
0,1,188~1,1,188
1,7,78~3,7,78
9,3,126~9,5,126
4,5,92~6,5,92
7,0,14~7,1,14
4,9,254~4,9,256
3,8,41~4,8,41
3,9,253~3,9,256
0,8,205~2,8,205
6,7,13~6,8,13
3,2,124~6,2,124
6,7,295~7,7,295
8,7,110~8,9,110
1,1,18~1,1,18
4,1,323~4,3,323
4,1,318~7,1,318
1,4,43~1,7,43
4,0,146~7,0,146
1,6,358~3,6,358
6,7,40~6,7,42
2,0,254~5,0,254
7,5,245~7,7,245
0,4,91~2,4,91
2,9,183~4,9,183
5,6,175~6,6,175
6,8,189~7,8,189
6,1,123~6,3,123
0,7,318~3,7,318
9,0,132~9,4,132
9,4,117~9,4,119
4,9,323~7,9,323
2,2,49~2,4,49
7,3,256~9,3,256
5,6,265~5,8,265
4,1,270~4,3,270
4,6,5~4,6,7
1,7,67~3,7,67
2,3,10~3,3,10
3,4,142~5,4,142
7,5,61~7,7,61
1,0,328~3,0,328
7,6,37~9,6,37
0,9,127~2,9,127
4,8,247~6,8,247
8,7,93~8,8,93
8,1,156~8,4,156
6,6,122~6,9,122
6,8,303~8,8,303
4,1,330~6,1,330
2,0,306~3,0,306
1,8,201~4,8,201
6,8,164~9,8,164
3,0,119~3,3,119
7,2,238~7,5,238
2,1,80~2,4,80
0,6,143~0,9,143
0,5,62~0,7,62
8,1,19~8,2,19
5,2,201~7,2,201
5,5,10~7,5,10
6,0,295~6,2,295
6,2,359~6,2,361
4,5,351~4,7,351
5,2,135~7,2,135
9,6,311~9,6,314
6,1,259~8,1,259
4,0,174~6,0,174
5,0,248~8,0,248
3,6,287~3,7,287
9,5,190~9,5,192
4,0,198~4,2,198
0,4,328~2,4,328
7,8,231~7,8,233
4,1,177~6,1,177
7,7,197~7,9,197
2,9,249~4,9,249
7,6,46~7,7,46
8,4,144~8,4,146
3,7,252~3,8,252
3,3,306~6,3,306
3,3,246~4,3,246
7,4,147~7,6,147
4,4,191~6,4,191
0,6,23~2,6,23
7,7,255~7,7,258
1,9,113~3,9,113
1,7,107~4,7,107
9,7,273~9,9,273
5,1,246~5,4,246
6,5,63~6,7,63
0,4,242~0,4,244
8,4,339~8,6,339
8,7,239~8,9,239
1,1,291~4,1,291
2,8,129~2,8,132
3,1,176~4,1,176
0,4,298~0,6,298
5,6,49~5,6,51
3,5,372~5,5,372
0,5,205~0,7,205
7,7,145~7,9,145
0,4,136~3,4,136
8,1,281~8,1,282
9,4,160~9,5,160
3,1,6~3,3,6
3,9,9~3,9,9
0,7,124~2,7,124
7,8,13~7,9,13
7,2,48~7,4,48
3,6,64~3,9,64
0,5,331~0,7,331
3,0,246~3,0,248
1,8,23~2,8,23
5,0,340~5,2,340
6,8,120~8,8,120
2,7,298~2,9,298
7,5,108~7,7,108
0,3,171~0,5,171
1,1,88~2,1,88
6,0,173~6,2,173
5,3,79~7,3,79
9,4,159~9,6,159
0,1,363~4,1,363
2,3,140~2,5,140
4,7,74~4,8,74
7,3,159~8,3,159
4,1,347~5,1,347
5,5,125~5,5,126
0,9,163~2,9,163
0,2,2~0,2,6
8,6,261~8,9,261
2,8,173~2,9,173
6,0,149~6,0,149
0,7,147~0,8,147
0,1,180~2,1,180
1,4,323~3,4,323
4,5,348~6,5,348
8,5,350~8,7,350
5,4,6~5,6,6
9,0,328~9,2,328
6,8,21~9,8,21
3,1,262~3,3,262
2,6,72~5,6,72
5,3,76~7,3,76
9,3,278~9,4,278
6,9,117~9,9,117
9,0,6~9,3,6
0,3,115~0,5,115
